1662744530
1662758645
1662790770
1662795953
1662799442
1662802787
1662802792
1662802801
1662806752
1662806753
1662806756
1662806765
1662809256
1662809265
1662811292
1662811294
1662811322
1662812842
1662812844
1662814645
1662814680
1662816502
1662817857
1662817869
1662817873
1662831158
1662846643
1662855658
1662861721
1662861728
1662861783
1662866660
1662866682
1662866693
1662870523
1662870527
1662870532
1662874385
1662878688
1662882099
1662885350
1662888108
1662891687
1662891690
1662894886
1662894912
1662894914
1662897698
1662897714
1662897725
1662901354
1662901358
1662904704
1662904706
1662904735
1662909134
1662909137
1662909153
1662914455
1662925743
1662926224
1662926238
1662941211
1662941212
1662941221
1662948236
1662948249
1662952581
1662952612
1662955667
1662955674
1662955694
1662955719
1662960359
1662960370
1662965368
1662965372
1662971236
1662971271
1662976004
1662976011
1662978143
1662980127
1662982010
1662982023
1662983803
1662986264
1662986268
1662989022
1662989054
1662991427
1662994247
1662994253
1662994283
1662998184
1662998209
1663002887
1663012903
1663024424
1663031926
1663037802
1663037815
1663041822
1663047253
1663047282
1663052015
1663052016
1663052046
1663055791
1663061470
1663066312
1663068741
1663070942
1663073713
1663076960
1663076962
1663078539
1663078550
1663080060
1663080062
1663080064
1663082128
1663082133
1663085641
1663085655
1663093680
1663111160
1663111162
1663111179
1663118822
1663124406
1663124422
1663128647
1663133324
1663133337
1663133340
1663138306
1663138309
1663143714
1663143715
1663143751
1663149368
1663152232
1663152255
1663155529
1663158030
1663158057
1663160216
1663160351
1663162939
1663166556
1663166567
1663166780
1663168866
1663168872
1663168894
1663172699
1663172743
1663188994
1663199845
1663199851
1663199866
1663201525
1663205376
1663205396
1663208662
1663210837
1663215382
1663215386
1663215397
1663219833
1663219850
1663223283
1663226939
1663226954
1663230912
1663230915
1663235282
1663235292
1663237537
1663237548
1663238808
1663238814
1663238816
1663238822
1663241011
1663241013
1663243380
1663243382
1663244681
1663244687
1663244694
1663246084
1663247529
1663247542
1663249227
1663249231
1663251408
1663251410
1663252187
1663253690
1663255869
1663258732
1663262402
1663268748
1663283108
1663283110
1663283111
1663291261
1663297529
1663302958
1663302974
1663310261
1663310267
1663315460
1663315462
1663315463
1663315467
1663320277
1663320288
1663324365
1663327527
1663329147
1663329148
1663329155
1663330871
1663330874
1663333472
1663333496
1663333501
1663333507
1663333532
1663334292
1663334305
1663334306
1663335042
1663335693
1663335704
1663336566
1663338317
1663342110
1663342124
1663342615
1663347155
1663353567
1663368444
1663368456
1663377898
1663382808
1663386778
1663391082
1663391102
1663395044
1663395049
1663399786
1663444732
1663458658
1663463288
1663463292
1663464293
1663464305
1663464313
1663465075
1663465736
1663468458
1663468463
1663468489
1663472805
1663477592
1663477606
1663477614
1663483551
1663488892
1663488925
1663493268
1663493280
1663497080
1663497124
1663497146
1663500259
1663500261
1663500271
1663502640
1663502651
1663505031
1663506650
1663507766
1663508260
1663508262
1663509242
1663511000
1663511003
1663511015
1663514128
1663518844
1663526683
1663526696
1663540607
1663540613
1663547157
1663547191
1663553323
1663556757
1663556773
1663558111
1663559357
1663559361
1663560316
1663560324
1663562460
1663562462
1663565555
1663565587
1663569454
1663572173
1663574756
1663578458
1663581479
1663581501
1663584145
1663584162
1663585861
1663585872
1663587030
1663588316
1663588317
1663588330
1663589773
1663589788
1663591318
1663591327
1663593646
1663593650
1663595368
1663597972
1663600758
1663600773
1663604998
1663610161
1663623683
1663631261
1663631262
1663631329
1663637753
1663637787
1663643984
1663643985
1663643995
1663644016
1663649245
1663654683
1663654684
1663654687
1663654688
1663660365
1663660387
1663664363
1663664377
1663667932
1663667939
1663667943
1663667945
1663671016
1663671017
1663673820
1663673824
1663676248
1663676252
1663676255
1663677967
1663677995
1663679638
1663679648
1663680815
1663680821
1663680825
1663680826
1663682118
1663682125
1663683825
1663683827
1663683828
1663683845
1663685741
1663685743
1663687933
1663690933
1663690941
1663693784
1663693790
1663698422
1663713987
1663714007
1663714020
1663722540
1663722549
1663722557
1663729629
1663734180
1663734192
1663738225
1663738234
1663741828
1663741831
1663741840
1663746442
1663746452
1663746453
1663746458
1663747365
1663748743
1663751769
1663751781
1663755087
1663755089
1663755094
1663755104
1663759224
1663761975
1663761995
1663764166
1663764175
1663766063
1663766066
1663766080
1663766083
1663767702
1663767703
1663767705
1663769526
1663769536
1663769543
1663769550
1663769580
1663771142
1663771143
1663771145
1663772987
1663772993
1663775861
1663775870
1663780286
1663786387
1663786402
1663800580
1663800586
1663809586
1663809588
1663809610
1663815208
1663815220
1663819162
1663819175
1663819186
1663824184
1663824195
1663824196
1663824197
1663824203
1663829839
1663829876
1663869725
1663883909
1663894078
1663894099
1663894124
1663901654
1663901659
1663901661
1663908882
1663908889
1663915537
1663915541
1663922517
1663928332
1663928333
1663928337
1663928341
1663931026
1663931049
1663932942
1663932946
1663932966
1663934375
1663934381
1663934383
1663934399
1663937696
1663937709
1663937712
1663940769
1663940785
1663943712
1663947058
1663947059
1663950734
1663950736
1663950738
1663956281
1663971004
1663971201
1663971221
1663971485
1663981420
1663986545
1663986550
1663992222
1663992232
1663996825
1663996832
1663996836
1663996851
1664002513
1664002516
1664007105
1664007107
1664009777
1664012670
1664017149
1664017151
1664020105
1664020115
1664021993
1664024307
1664026631
1664026632
1664026638
1664026639
1664028879
1664028883
1664028896
1664031125
1664031134
1664033588
1664037164
1664042934
1664042981
1664042987
1664050809
1664067344
1664076137
1664080659
1664080665
1664080666
1664080673
1664084743
1664087512
1664087550
1664090750
1664090756
1664090793
1664093920
1664097630
1664097644
1664097648
1664101832
1664101836
1664101844
1664105288
1664105290
1664108032
1664108035
1664108040
1664111274
1664111277
1664113989
1664114006
1664114016
1664116502
1664119161
1664121804
1664125160
1664128629
1664128644
1664135341
1664146449
1664146461
1664146463
1664155957
1664155965
1664155975
1664163192
1664172144
1664172150
1664180570
1664180578
1664180587
1664180617
1664185790
1664190246
1664190252
1664190253
1664190254
1664191847
1664191910
1664193680
1664193684
1664194828
1664196083
1664196103